-1.037524448761077522e+01,7.050195875072829743e+00
-7.276340011278432662e+00,-2.592130251566128418e+00
-8.478704886443560795e+00,8.365914647935493775e+00
-7.234993561675885587e+00,-3.595630133335046885e+00
-8.282549339399036370e+00,-2.689436604380829543e+00
-8.696408052739036165e+00,-3.907282360904395180e+00
-8.739678147476571013e+00,-2.673748257146090435e+00
-8.699623002515464165e+00,7.301492697326319004e+00
-7.693790738356062420e+00,8.620159785583242140e+00
-8.483212942085479824e+00,7.439661589547777787e+00
-6.637609047577685217e+00,-2.379038619548093703e+00
-1.030420143648196429e+01,-4.032051941409055651e+00
-6.771565405914848235e+00,-3.942630437792691289e+00
-1.003340370050966435e+01,-2.430859667690104864e+00
-8.160497519298735014e+00,9.256260154524639461e+00
-9.013189950886181023e+00,-5.638015429189270122e+00
-7.183938080578031737e+00,8.268071562396441365e+00
-7.694566149110889874e+00,-5.404390964824671961e+00
-8.898981492003125382e+00,-3.450827076977421193e+00
-9.236106883113505361e+00,-1.802757456895335508e+00
-7.035124876971974750e+00,-3.359638285597399854e+00
-9.297540191757772021e+00,7.594187588040403725e+00
-8.228531986889541017e+00,7.481945830180763757e+00
-8.781704316972968272e+00,5.781530576314342085e+00
-8.219302665719965262e+00,-1.155125905237218031e+00
-8.919628732963259310e+00,-4.977246951421305354e+00
-8.747812861130713102e+00,7.369490743068850769e+00
-8.191984982733547582e+00,-3.071937755490516064e+00
-7.769127192177062824e+00,5.568094512337643742e+00
-8.520674648382126293e+00,-4.408370359862151311e+00
-7.465705475224388543e+00,-4.419328614777544573e+00
-8.122236933595578634e+00,7.941598336977031103e+00
-8.725851920557571972e+00,-1.940779153514300859e+00
-8.695046518749064646e+00,-4.456800772870003868e+00
-7.176758608088475988e+00,-1.145437208439326060e+00
-9.707738924116480206e+00,5.963918196827935780e+00
-9.490564188276037427e+00,7.845185270433906233e+00
-7.482060939534875388e+00,6.591545855416588218e+00
-9.116706225846741063e+00,-5.277489920282411262e+00
-7.925777017572332994e+00,8.105032156210876693e+00
-7.633837898934412003e+00,-1.648170914958827282e+00
-9.547968474616705947e+00,8.991455461161885765e+00
-9.137696199606031300e+00,-2.377804461218847365e+00
-8.095966043662347289e+00,6.037233854867741556e+00
-8.218513172663616473e+00,-2.364553966650856154e+00
-6.599213054068675532e+00,8.000333993759991102e+00
-6.828919637683026345e+00,-3.236750437854781559e+00
-8.197306270573843534e+00,-3.904246126971658626e+00
-8.268093461728078353e+00,6.662652061495167644e+00
-6.713419774442121124e+00,-3.804531070456182995e+00
-7.545793847817007460e+00,-3.505810154348940610e+00
-7.828379143512408156e+00,-2.723773388058864153e+00
-9.058178859805263272e+00,-3.628679396691551151e+00
-7.529323946506244702e+00,6.443418247119406139e+00
-7.687389025698059264e+00,-2.508921659954415961e+00
-9.921127634652771476e+00,-4.329762985197460168e+00
-8.930603854102701078e+00,8.837142950284780696e+00
-8.799313412827274306e+00,8.144823661366688228e+00
-7.616759664634186855e+00,-3.446216485510448901e+00
-8.557662170826139558e+00,-4.757658912667658946e+00
-9.242721933956451252e+00,-3.390308350572414309e+00
-8.446553440724329676e+00,-2.989642059329837842e+00
-7.180320464288122650e+00,-3.495126957623220676e+00
-1.109712558289538542e+01,-3.613492255678180776e+00
-6.873346226001111781e+00,-4.995098853904181624e+00
-7.378363380397648719e+00,-2.948880215340531574e+00
-6.173876257148682711e+00,7.730022655857971436e+00
-8.588003916895999623e+00,7.041918424267548104e+00
-8.303739776258849403e+00,7.043491459982720748e+00
-9.582306739235873394e+00,6.820718225737550711e+00
-7.758045024805523937e+00,7.983902921309666390e+00
-8.173987049933094440e+00,6.865042684830013897e+00
-8.957153699098411082e+00,-3.122025937391816885e+00
-8.441462837787447882e+00,-1.973685900781661173e+00
-6.299072565892230635e+00,-5.037277234287896199e+00
-5.310388188180050761e+00,8.675309996000779122e+00
-8.488435832886114696e+00,7.638999647755647437e+00
-9.292644963498656097e+00,8.054293406357905027e+00
-7.599226182968857657e+00,6.570493011356171031e+00
-9.182224662295825013e+00,-4.637128911232769823e+00
-7.440301145655819681e+00,-2.504135121624639471e+00
-8.254590203497917500e+00,9.541670114033319550e+00
-8.281761320392728720e+00,7.545378404323630050e+00
-6.706868575024129697e+00,5.927334084091969935e+00
-8.641678514884761242e+00,7.271102859758040715e+00
-7.669134780609302204e+00,-1.338967938835196048e+00
-6.913389944994603908e+00,7.413919949779700147e+00
-9.072491613490411666e+00,8.135380710280983863e+00
-7.030295092710029614e+00,-5.651352255714195749e+00
-7.411137908984791522e+00,-2.638491026116015270e+00
-7.906337099786814093e+00,9.116861957093092883e+00
-9.138332357606637757e+00,-3.078843068184583309e+00
-9.648367114668921829e+00,-4.588340690018934964e+00
-8.267811222049877173e+00,8.012376674934344578e+00
-9.075386551490892018e+00,-4.563618302524629300e+00
-8.184795136984588382e+00,-1.740147987496468707e+00
-8.762548958569317037e+00,-3.125656841317166368e+00
-8.392112269874019148e+00,-3.797185329881527238e+00
-8.138039615088953127e+00,-2.165444169262884522e+00
-7.995099109702949569e+00,8.338614420329092169e+00
-7.867911559295538204e+00,-3.254471793571754645e+00
-9.036763242028605703e+00,-1.534903132064263431e+00
-7.163110066185010005e+00,7.322584420027491880e+00
-9.063882817068023456e+00,-3.122560882976478158e+00
-9.104304857446923194e+00,7.574983705782772248e+00
-8.553499501042814757e+00,6.701270208474492840e+00
-7.029191581405163980e+00,-4.729329653280845314e+00
-7.569092991845514540e+00,-5.257242274615563815e+00
-8.185328599664249083e+00,7.993217299273757348e+00
-1.182545095661578749e+01,7.802038546641625771e+00
-8.710463655624179680e+00,7.047828194543921398e+00
-8.759693601997575740e+00,-3.668825348506739470e+00
-7.486967725129471951e+00,7.635554795092017066e+00
-8.536116808655235033e+00,-3.454040571595377251e+00
-9.956820248343166924e+00,7.892262156352090940e+00
-7.818710771763632827e+00,6.433393407921340845e+00
-8.196929458877335151e+00,-2.342391821952036324e+00
-6.746871630039092516e+00,-3.078890996447390282e+00
-8.030265936489186629e+00,-5.570793836888698891e-01
-6.827731893090485116e+00,-1.982655097676400580e+00
-8.878627703777173252e+00,-3.352501525869154175e+00
-8.201028986819574484e+00,8.039539067797980110e+00
-8.072352039276298186e+00,-2.745916178669053576e+00
-8.808439757346073762e+00,8.267567419025063202e+00
-7.728814642009234070e+00,-3.673156576193102207e+00
-6.728297734105656680e+00,-2.803428296007737686e+00
-9.086225687464903444e+00,-2.634830328540775035e+00
-7.156152809413633520e+00,-3.969739349220104074e+00
-8.826080257147696173e+00,9.067663399190383444e+00
-7.489826169392290289e+00,8.346005787553956168e+00
-9.190223645024131471e+00,6.803748865074791041e+00
-6.560815078238579900e+00,-4.129340083605728573e+00
-8.714552833944944510e+00,-3.083799447182064668e+00
-8.383253117147019040e+00,7.872614131456654896e+00
-8.091245387607829187e+00,7.547113866208796651e+00
-9.184703809077198855e+00,-4.933497318227439088e+00
-7.771562576570322456e+00,-2.953928731266884267e+00
-8.673199213423337994e+00,7.437739034905040292e+00
-8.421757925799557398e+00,-4.872741182694134032e+00
-8.794092660311157772e+00,9.800113919991408906e+00
-7.609207899943745801e+00,-3.659736644133301020e+00
-1.002692000456643484e+01,6.362555351191163666e+00
-6.908111387254852076e+00,-2.666870855779817528e+00
-8.303624058347724102e+00,7.013085888195797146e+00
-7.803607819560131276e+00,9.130873187052447548e+00
-7.752619086964806172e+00,-3.522232360298212850e+00
-7.211173521789654650e+00,-3.551751941918650068e+00
-7.851189673759559007e+00,-1.522989701216190372e+00
-8.453328876385583612e+00,-4.966503541463525018e+00
-7.438457760056168766e+00,7.817699710223036114e+00
-8.534640962622496829e+00,9.161933288712948098e+00
-8.042703296774568855e+00,-3.569638658851387536e+00
-9.716072595551191071e+00,5.466787461536286585e+00
-9.420894161229199426e+00,7.130911994281371236e+00
-8.643400790525614497e+00,7.311481125719351937e+00
-8.280398178386315422e+00,-4.089652402360745675e+00
-7.807454425829211786e+00,8.884227994710323983e+00
-7.151994600008708680e+00,-4.316944361616165793e+00
-1.054441178354873365e+01,8.069211029591325968e+00
-7.910927080924759380e+00,-2.761271719691189119e+00
-8.426618043314546114e+00,7.067739513899073955e+00
-8.244784383383692017e+00,-3.413901281814122335e+00
-7.967480029400864083e+00,5.898061032534529069e+00
-6.673274334584055723e+00,-3.600623574174564467e+00
-8.484551066035843192e+00,-4.272166447292831570e+00
-8.451995150085291897e+00,-3.503220791656882049e+00
-8.811533958035393965e+00,-3.218016567391488003e+00
-8.430015912840101322e+00,6.276006720938996253e+00
-8.151195827009381389e+00,-3.384474904417099861e+00
-8.502420649712620460e+00,7.362455157943220918e+00
-1.049849302577594834e+01,8.408584389514700774e+00
-8.976389785688109413e+00,6.574797457938058365e+00
-7.203515902562735107e+00,7.224910680210748559e+00
-8.095361326672657398e+00,-3.758580382374408835e+00
-8.158468455046998358e+00,-3.775812295872416513e+00
-8.816421414613657248e+00,-1.571665839756104521e+00
-9.830370853844918599e+00,-2.936003562868471306e+00
-9.054755861854228982e+00,7.498744401580070829e+00
-7.494252995793612371e+00,-3.812152676916795713e+00
-9.329187055285448338e+00,-3.658898341173890234e+00
-6.671730670302118860e+00,-2.293099718420382516e+00
-7.951770290329484681e+00,-3.998816779540641519e+00
-9.443174615780591807e+00,-3.751093038613442232e+00
-1.039622479973415103e+01,8.401581993043542695e+00
-9.157216111953719206e+00,-5.604606281645115651e+00
-7.911130160875962325e+00,7.597807531208673915e+00
-6.975816801592689131e+00,-3.328187191454339722e+00
-8.387632848587935896e+00,-1.927950195588745919e+00
-8.773217009978104386e+00,9.136005941841524702e+00
-8.215064292970764015e+00,7.543395612169546460e+00
-8.065731459883627608e+00,6.588807435149305114e+00
-9.436852714834074618e+00,8.121005402337340584e+00
-9.016047022656829668e+00,8.841053551162989521e+00
-8.552218184301025872e+00,-3.037935260260490544e+00
-6.430998445421856502e+00,7.950897983282247061e+00
-8.093552643274422920e+00,-4.345556481353137102e+00
-6.725321521604036512e+00,-4.593730013105061794e+00
-9.144281069652851812e+00,-3.447302482962718795e+00
-8.617866895567255270e+00,6.876140341366641984e+00
-9.905165115545857546e+00,-2.488934046795541200e+00
-8.530437155906206215e+00,-4.064457050823948592e+00
-9.715076345986906503e+00,9.471543822588056827e+00
-8.149400353636041316e+00,-2.613890640504083152e+00
-8.152272590912408745e+00,-2.481945545138422471e+00
-6.939616878614198292e+00,8.124639738928141952e+00
-7.358432852202350993e+00,1.067589399947593165e+01
-7.158379141771330723e+00,-3.706485774205566575e+00
-8.114042305252603171e+00,-4.769788971831307123e+00
-8.359546173867144603e+00,7.470319136227016266e+00
-8.310648663464489161e+00,6.901505119727659121e+00
-6.218647997550641904e+00,6.799080190599540607e+00
-8.710252802549470985e+00,-2.585915111388223941e+00
-7.800054795671852226e+00,8.709384794911228411e+00
-7.882955061255491280e+00,8.467832736129603077e+00
-7.628882668508504494e+00,-1.327029896464455572e+00
-7.000038203892726685e+00,-2.204309201880293667e+00
-7.537479009643706540e+00,-1.740046660387324584e+00
-1.017600829823141595e+01,-4.034611193791528549e+00
-7.871656860540504397e+00,7.824849593957166505e+00
-8.514057633947235360e+00,-1.714372332678831601e+00
-7.439357400959804245e+00,-3.023893556895355772e+00
-7.771214631388790650e+00,-2.893092229212227640e+00
-7.853420488110941733e+00,-2.594960882321909246e+00
-8.308876824128894611e+00,8.102092238943892966e+00
-7.845672613907311188e+00,-4.363947365141287449e+00
-1.002786606412782255e+01,6.797787666576194709e+00
-6.747960959662616887e+00,8.862218238971429685e+00
-8.721927612587679235e+00,-4.106293291900834141e+00
-1.047092293920482220e+01,7.749574957300995770e+00
-7.282738996727660563e+00,-3.198829263948456347e+00
-8.109767237804520690e+00,9.502621535116798412e+00
-8.483141921453107415e+00,-3.693338803179871288e+00
-8.302648608751418635e+00,6.799058471566858053e+00
-8.124821098176925105e+00,-3.664419113269590245e+00
-7.361112069815634484e+00,8.820428003894598135e+00
-8.894164087541712505e+00,-3.990395231915267793e+00
-6.812142808990892640e+00,-4.717703020608410291e+00
-8.417117828275195279e+00,8.759082384997169513e+00
-1.021899623075564101e+01,7.987273525301995747e+00
-9.517869843991432433e+00,9.816239967555546286e+00
-8.783831932408828536e+00,8.884298114449205030e+00
-7.108795441364518020e+00,-3.974436740067711860e+00
-8.489329198419046207e+00,-2.761081707912594219e+00
-6.551581482031417103e+00,-4.281543736610590400e+00
-8.101533482841540845e+00,-1.989325528364831452e+00
-9.166178404106094746e+00,7.003235486952791078e+00
-9.003696246102308010e+00,7.622257096642588436e+00
-8.561746951895754520e+00,-3.489608706506093672e+00
-8.343138333965145037e+00,8.352184383843887616e+00
-8.197877873910060842e+00,8.542169320377229980e+00
-9.884177353017317813e+00,6.708328363437866315e+00
-8.104383199896519230e+00,-3.827401373279527785e+00
-8.785518019351712837e+00,-3.257974239903608904e+00
-8.362979604544303669e+00,-1.127923947175082819e+00
-7.506256224794007892e+00,-3.921798858084173389e+00
-7.631108610228337419e+00,5.236357244392233490e+00
-9.082808193216715509e+00,7.542263473795975059e+00
-8.586067322542699998e+00,-2.586689142708566091e+00
-6.853963864581242404e+00,6.376379960842326611e+00
-9.613262659090835882e+00,9.634962581374470147e+00
-8.009935385188455825e+00,7.736012221435350611e+00
-6.688703989925587123e+00,-1.767428027249040134e+00
-8.755966893088718450e+00,6.658027738726386424e+00
-7.094258267571847298e+00,8.445133099115063047e+00
-8.837150996899870492e+00,7.639029721143511864e+00
-8.775925951770087607e+00,-3.565465900125830867e+00
-1.011943732274100860e+01,7.552943337790335221e+00
-8.351063635003745489e+00,8.231413224861981348e+00
-6.464261454743660984e+00,-3.360573916961456131e+00
-9.029923775281121223e+00,9.438705043522871208e+00
-8.959162713578820103e+00,-4.200162550533816486e+00
-7.787211674422199081e+00,6.933393734126904739e+00
-8.859068295966283202e+00,-4.007930881758966279e+00
-7.299041655295036790e+00,7.474111460016229280e+00
-6.798306568756727231e+00,-4.233957180059029213e+00
-8.563190227881554151e+00,8.778663957053034039e+00
-8.792644734806682294e+00,-1.401036421135986920e+00
-8.883418493394094284e+00,-4.781184324290446597e+00
-7.326120883434975362e+00,-4.096386713455251183e+00
-8.426238693597152718e+00,7.540650552321665145e+00
-6.889149927916086824e+00,7.788383550592199001e+00
-1.010074659676745945e+01,6.023815837098215553e+00
-9.525855602086769736e+00,-2.072268440342985407e+00
-7.985567171000670150e+00,-4.202184959401889408e+00
-7.916838071601302929e+00,-3.744159980413219735e+00
-9.399396772625197016e+00,-1.267980694192667013e+00
-8.957119452991369357e+00,8.278340283737966487e+00
-7.185736680866117609e+00,-3.063405275752471013e+00
-9.721088292885399440e+00,8.789893437552947830e+00
-7.587994395623408828e+00,6.774404166202625532e+00
-7.327481275990710863e+00,-3.249069867898046748e+00
-7.729424965346535892e+00,-3.813321150955857330e+00
-6.722139508998678181e+00,-5.251548060893382441e+00
-8.838266322989044355e+00,7.114017569846584621e+00
-9.278550066791645179e+00,-9.526456574738211280e-01
-8.833420431222982927e+00,9.379832777869280491e+00
-1.012451987815407861e+01,8.125178795165407308e+00
-7.354408472890487936e+00,8.239960416351628680e+00
-9.287373399688330977e+00,8.817607826063950327e+00
-7.466748833215348213e+00,-3.751443113212586500e+00
-7.886264378126939256e+00,-1.141449426120487498e+00
-8.518808433299387417e+00,-4.128903534996014812e+00
-9.479238809741591609e+00,7.518860204767372934e+00
-7.982434746599035513e+00,7.515675055228051349e+00
-7.178487958032850891e+00,-3.737273545577953993e+00
-8.360909376067583665e+00,-3.109002460969128467e+00
-9.258179404974081095e+00,8.440004447308330882e+00
-8.857279286328378021e+00,7.284457887104910156e+00
-7.431044439373883925e+00,-2.028244880352763957e+00
-7.537205954738789515e+00,6.490064287368249474e+00
-8.281946409377148655e+00,9.449923454561613312e+00
-7.217318964788031366e+00,-1.849601960703707082e+00
-9.816504937076899751e+00,9.265970465160815905e+00
-7.663224117346826958e+00,8.575652167615269050e+00
-9.114096493210405825e+00,-2.511841736881850196e+00
-1.049188376921795829e+01,7.822767027751233115e+00
-9.800584524231666705e+00,8.525078622371658810e+00
-7.822530190317827703e+00,-1.794668344339604538e+00
-7.165994915708528090e+00,-3.741178840931203897e+00
-8.427050627362511648e+00,7.307397126209312255e+00
-9.237218064852905641e+00,-2.984994391498127619e+00
-9.157750772635717240e+00,7.086960667709440997e+00
-8.243038030163328145e+00,7.976321480785438567e+00
-8.876305564073241783e+00,8.203970866685711627e+00
-7.115849353084038320e+00,-3.376590613756044412e+00
-9.353932665397215018e+00,-2.961429497088416962e+00
-7.344266475392217330e+00,-3.303178753119768274e+00
-8.842392554953937278e+00,7.861930330549034451e+00
-9.378290813766295031e+00,8.838573399667527752e+00
-7.540377969653617285e+00,7.397953938346155667e+00
-7.308076783863977077e+00,-3.468442887297971566e+00
-8.940787526297913956e+00,7.482817322960132245e+00
-7.406941915633945328e+00,8.929559646619230406e+00
-9.220971341512397501e+00,-4.218694576938839091e+00
-7.662572141048118901e+00,-2.379399068861026034e+00
-8.492849817991903194e+00,7.369755361886616285e+00
-7.341861592892238164e+00,-4.314236119363833666e+00
-6.828412825131318087e+00,-3.638134232384665712e+00
-6.931201223370732301e+00,-4.176968791645897738e+00
-7.387633288791117359e+00,7.601610176269827157e+00
-8.809612799136957051e+00,-4.012573252642048338e+00
-8.690670163839387286e+00,8.665224945647475252e+00
-8.841284238844629328e+00,8.834213855355500300e+00
-7.302616978993671459e+00,-2.740231231036334592e+00
-8.780293086534326719e+00,8.344188798958207087e+00
-9.298461148941475685e+00,9.343579310265617721e+00
-8.343650449252894674e+00,-1.264247565532701678e+00
-9.554001479621215154e+00,-2.825888036380916457e+00
-9.741690328392172304e+00,7.433568935096650065e+00
-6.924811073765179792e+00,7.641949579273726201e+00
-6.645237397753297692e+00,9.116347653342735669e+00
-7.657366385790661312e+00,8.897668802155186185e+00
-8.429912133608448599e+00,7.817222722534022061e+00
-6.716323080994339279e+00,8.446221242554351250e+00
-7.816173845307464063e+00,7.976143065215882011e+00
-7.741986848080822270e+00,8.633527422601414258e+00
-9.625660719098688034e+00,7.452008481296162223e+00
-8.299966451304605641e+00,-3.201334261396145298e+00
-8.829211430918240566e+00,8.419091337202443626e+00
-7.105237578616443450e+00,6.442673727728610800e+00
-7.981815612074846022e+00,-2.098988965218360647e+00
-7.957536965299404130e+00,-3.058598480959460630e+00
-7.186229202606049249e+00,7.718241003468867767e+00
-8.054960292203675820e+00,8.337261849840887251e+00
-7.946899030867925262e+00,8.682716777462680113e+00
-8.902398657374959612e+00,-3.613278489664139670e+00
-1.039918766413838647e+01,7.825574682785417124e+00
-8.607578918800641077e+00,-1.842460111510842768e+00
-9.454026874928539215e+00,8.540847251268671059e+00
-1.000886068719138855e+01,8.090957239183335759e+00
-8.863703948128279109e+00,-2.169867350121441607e+00
-8.487911447226100137e+00,-4.085705556603649313e+00
-7.412974927550466830e+00,-3.094651740393312256e+00
-8.665144597319995867e+00,8.122069299939077780e+00
-7.334806388324963677e+00,-3.074706823469657735e+00
-8.470578673894507915e+00,8.836376316985154133e+00
-9.303906079315870770e+00,8.243815767348722900e+00
-8.535153130891970363e+00,1.019503511686395036e+01
-7.379789647958305387e+00,-3.547925410815047087e+00
-8.716590192290475159e+00,7.524294880774088590e+00
-9.163601643487538695e+00,8.784748607752318250e+00
-1.005386554955950018e+01,-3.257288961005761596e+00
-8.875698022538291099e+00,-3.891239995691595954e+00
-8.772869478533918297e+00,6.380847602528779916e+00
-7.668423740144994838e+00,6.863156965170875701e+00
-7.903149856788519223e+00,-5.081393409122203941e+00
-9.527544346524797092e+00,7.596959010054769479e+00
-9.053469750986357312e+00,-3.098434588868199224e+00
-8.942488686394083786e+00,-3.414539629405110688e+00
-9.141849014945362839e+00,9.065250014504677267e+00
-7.842476422378403811e+00,6.324625173258080935e+00
-8.190333668721146765e+00,-5.048031430271569420e+00
-8.027124747785999048e+00,6.973376664922491308e+00
-8.060436762434610714e+00,6.937153995549645735e+00
-8.136603633627496279e+00,-3.341636289524353653e+00
-6.443608130375878318e+00,-2.351933431512748474e+00
-8.112961605319936709e+00,8.368812415054513565e+00
-7.807849323999430879e+00,7.762438252769938707e+00
-7.973726681393257465e+00,-4.724062574454795715e+00
-6.623078677738751807e+00,7.002633439653132008e+00
-7.524190799617866077e+00,-2.076778298701393410e+00
-8.480281416752607271e+00,9.106718554100764251e+00
-9.676900030257538532e+00,-2.354796791773761999e+00
-7.026396745300199420e+00,8.981514982223188781e+00
-8.133279185538157208e+00,-5.895099500060471343e+00
-7.946200432427095173e+00,-1.768033382974334877e+00
-9.680271618287537905e+00,6.845447046174366612e+00
-8.764258810717812764e+00,-3.974988180295596862e+00
-8.945850273038951528e+00,7.528509093308228373e+00
-8.091844384487350439e+00,7.965560099305326602e+00
-8.406245855305197523e+00,7.730416150310916557e+00
-1.057520510178434670e+01,-3.144735645427993109e+00
-9.206062153650087510e+00,7.478016103619555821e+00
-6.209543447244415759e+00,-3.132495660689440076e+00
-7.976632173724804709e+00,9.091494296269388542e+00
-8.662929516956868525e+00,-4.120862974664641243e+00
-9.268950309281748901e+00,-2.197285365197313212e+00
-8.415154535064486296e+00,-4.529131438413200428e+00
-6.990214082813854368e+00,7.466354218333729698e+00
-1.051663395902529530e+01,8.356013863548019671e+00
-6.632672389307274763e+00,-3.115855919751059577e+00
-8.112139395621156268e+00,5.385244468012279739e+00
-8.466231042545039998e+00,-2.204908145101442507e+00
-8.465939836827566012e+00,8.118380852899941047e+00
-9.506646112966508966e+00,-3.347558023227707125e+00
-9.630272104306563108e+00,8.135316524245487457e+00
-8.161171656983862377e+00,7.959203277944379096e+00
-5.992971443172455892e+00,-3.182661653171529270e+00
-8.595958489188314289e+00,7.869151242719809147e+00
-8.549498308185267348e+00,7.803211466543447550e+00
-9.340927011027169158e+00,8.556139920939990873e+00
-7.425711262514504085e+00,-3.846357141853265382e+00
-9.309239706525348268e+00,7.851095199846713335e+00
-8.472331377121536278e+00,8.945643163578058221e+00
-8.679404853505650053e+00,-4.706287565905529213e+00
-7.044604796969649030e+00,-3.598450284555098300e+00
-8.904331659459783666e+00,-4.514104396913911188e+00
-6.542766988110972903e+00,6.343839744605918263e+00
-7.970864569591950222e+00,7.250858153857460131e+00
-8.742552695617030523e+00,9.525827979085757846e+00
-8.558967999329304632e+00,-2.428543350319602112e+00
-8.017640573698512796e+00,9.103111393363754189e+00
-6.141548511616592876e+00,-1.739945284261694924e+00
-7.715076321055585495e+00,6.071399109023833951e+00
-7.523129396846195860e+00,8.536113838717712454e+00
-6.816840265317808623e+00,-3.684847677936831101e+00
-9.330044479306078387e+00,9.564323238881332401e+00
-9.142082418751106943e+00,9.282051278863923116e+00
-1.020873621187624991e+01,-2.521159237494936978e+00
-8.456250829545419734e+00,7.725027951121683500e+00
-8.917148361629537945e+00,8.223765476517312933e+00
-7.414597619847762999e+00,9.409390166372386233e+00
-8.596105020168128164e+00,8.992966864189082088e+00
-7.298692884216336552e+00,6.981718319443248610e+00
-8.811746686453531652e+00,-3.822127340725414602e+00
-8.171149249563114836e+00,8.850439166641585587e+00
-8.863143796144449027e+00,7.908587304146576180e+00
-6.740993506701696170e+00,8.329859249473519967e+00
-7.063865202570151602e+00,8.334882796411504202e+00
-6.708363600291756157e+00,6.366382390095562727e+00
-6.560267747928778981e+00,-2.583933986903414137e+00
-1.016307689982173912e+01,7.969971002339853783e+00
-8.848204930961616199e+00,-3.432342611343861538e+00
-8.280882464921681674e+00,8.179310384640084308e+00
-7.290226085959947255e+00,-3.069043796561472082e+00
-8.538402212523362067e+00,-3.311188045661741963e+00
-8.224156540752598943e+00,-3.340513872419719643e+00
-9.129944429039040799e+00,-4.041798703830380646e+00
-7.418239188697334008e+00,-4.957285641700073242e+00
-8.473119278116394426e+00,-2.138092859499393317e+00
-6.049967702031048056e+00,7.800491624339720431e+00
-8.336044758299339108e+00,8.966162314819239754e+00
-8.456051096421051128e+00,-3.351794977773543405e+00
-7.819469871736766997e+00,-2.100425253631406530e+00
-9.139345451687214350e+00,8.335784939635415114e+00
-7.894638250641766497e+00,-4.710610595489701957e+00
-7.259820306034119319e+00,-3.718863356402515752e+00
-7.325396654310837974e+00,-3.640299671819746674e+00
-9.352633966749110073e+00,8.549297920807772400e+00
-9.521932551514224130e+00,-3.373567696304192065e+00
-7.603466642464726810e+00,-2.376256199190070362e+00
-8.389914429109625260e+00,9.523263198995534751e+00
-8.168486467784648042e+00,6.737584253256179601e+00
-7.569979066806317825e+00,-2.833945750586459589e+00
-7.754080068021202976e+00,-4.560373049212002705e+00
-9.589118262684630523e+00,-5.084529442750097772e+00
-9.801718071823374956e+00,6.556644591502053032e+00
-8.103176300587104919e+00,-2.643758025293120983e+00
-9.705374023562518104e+00,-3.423809137034770966e+00
-9.227219728144936184e+00,-3.686060082153129080e+00
-8.386571060675347411e+00,8.452252433880293125e+00
-8.130453954555861174e+00,-3.918202111640843199e+00
-8.901288591771596259e+00,7.954338497741020753e+00
-9.194369250282715456e+00,-3.048479615835362200e+00
-8.832764888180886231e+00,8.234791712311601231e+00
-6.697554254702377641e+00,6.820234968972483713e+00
-9.230070333283975970e+00,8.899411964879655912e+00
-8.204318014065798081e+00,8.993676902087976543e+00
-9.105388483254365894e+00,-3.807649445616679174e+00
-7.722977585397098110e+00,-3.158338504122177870e+00
-6.931712411041553779e+00,-1.940774165015538566e+00
-8.197771505300401884e+00,-1.921906926456189657e+00
-7.322324423558157491e+00,7.628085260771364950e+00
-8.819958824142254628e+00,-2.441139128791657065e+00
-7.702299983576006426e+00,-2.041492915412781439e+00
-7.860318180206440353e+00,-1.058451206886547258e+00
-5.842605580920270825e+00,-3.140439677540093122e+00
-8.160656588767567499e+00,-4.686447415559554130e+00
-5.995231865080549838e+00,6.634540766079901175e+00
-8.709564517396236383e+00,-2.815863225763776789e+00
-8.786872368547697931e+00,-4.425393370245862990e+00
-8.753759032417264052e+00,7.719988651216204367e+00
-9.239665103586055750e+00,-3.736553526439350570e+00
-9.209683083710398677e+00,6.309222279686633073e+00
-9.183155853415200909e+00,9.013592264786439046e+00
-9.104785374916101404e+00,6.516575809483537540e+00
-8.807847664745386496e+00,-1.254033573650416233e+00
-8.383729426772175586e+00,-5.418365108177786382e+00
-8.576824698571243744e+00,-5.188477569615343121e+00
-7.854288523464557414e+00,7.087657715486691323e+00
-7.858744244139863611e+00,7.261865525841093572e+00
-7.964482909713815673e+00,-3.585162356476899514e+00
-1.053508188637025711e+01,8.600060254192033682e+00
-8.694920710250462648e+00,-2.701805005620355971e+00
-7.034835691846109462e+00,7.640924397342234720e+00
-6.998218660931109447e+00,7.628850384210211999e+00
-9.318739026421663851e+00,9.299615200877878962e+00
-8.332012184051604820e+00,-3.897373008172070108e+00
-6.900522010135413886e+00,7.274727451035858827e+00
-6.786747357160722416e+00,-3.609717285330379610e+00
-7.778282967321278996e+00,-2.170356283206370751e+00
-7.687250368806817669e+00,-2.650826546376048309e+00
-8.941433000304433776e+00,8.206905280681219494e+00
-6.764520536222206282e+00,-3.322252677484291983e+00
-8.504265243443144939e+00,9.013086553406409962e+00
-1.020200292987960822e+01,-4.894507515576838941e+00
-6.523811821353934448e+00,-4.343965271201589928e+00
-8.536875114808902154e+00,-5.001353862451618504e+00
-8.183813018283052187e+00,-2.512256654717824667e+00
-7.884422430053065867e+00,8.117969114998574653e+00
-8.919815444401393734e+00,-4.302719865774765395e+00
-9.914424501854448124e+00,-3.089966182130511996e+00
-7.502502439699770598e+00,-2.324342695668383030e+00
-7.604758972626569857e+00,8.949703944445627002e+00
-8.648027800099718831e+00,-3.550498370808939708e+00
-8.263463547330253789e+00,-3.655484564491229271e+00
-8.327060463199469353e+00,8.972627719762892085e+00
-8.139489915909857487e+00,-2.833255462698461624e+00
-7.940913040999682870e+00,-3.640905564287061580e+00
-9.104313405779761226e+00,-2.691959844503740040e+00
-8.017065636402980644e+00,7.874397650536328008e+00
-8.598393899653506978e+00,7.191494968600832038e+00
-7.968511959306518122e+00,9.998840792355657925e+00
-7.128407473938848327e+00,6.815763713877394991e+00
-7.449923059176583706e+00,-2.557147141144044067e+00
-8.130076445581970290e+00,8.616803839915679220e+00
-8.369231544628309649e+00,8.828326381291372371e+00
-8.339284698906100246e+00,-4.113080225235355769e+00
-7.938812652310927476e+00,-1.794434707506322058e+00
-7.453647440359435272e+00,-2.295402302873958522e+00
-8.540080435828555139e+00,7.290903913892246457e+00
-7.459701674810365724e+00,9.011633501332205753e+00
-7.427305068146851319e+00,1.010134459920716132e+01
-9.066846556957969483e+00,7.930256577643691962e+00
-9.667257256518489328e+00,6.793657415805706812e+00
-1.070620514216764363e+01,7.284380565942475627e+00
-8.789842246267637549e+00,-4.641130189568894338e+00
-7.697148761519555293e+00,-3.883867066735644080e+00
-9.757178139736382150e+00,-3.458730414280374088e+00
-7.494122487551089229e+00,-3.619596285856484297e+00
-8.119949836471723970e+00,-3.081938126349350604e+00
-8.358711160580034161e+00,6.769651175475022598e+00
-7.440494052107568201e+00,-4.927245821114408564e+00
-8.431852276027965942e+00,-4.927093883623250292e+00
-8.709298748596870254e+00,7.989391365118244437e+00
-8.066713289340219362e+00,6.582855506519094568e+00
-6.696523618203604755e+00,7.055941565899539469e+00
-8.199369882503537710e+00,7.418524644443537319e+00
-8.263251091082267408e+00,6.989727279773148005e+00
-9.462779729218040004e+00,-2.213002344651977094e+00
-8.701998514417081054e+00,6.902446614860362040e+00
-8.391052488454805669e+00,7.982704951645164471e+00
-8.302239771106794564e+00,7.870664969351685691e+00
-6.898426192675446877e+00,-3.051441685168690299e+00
-6.359943937903142164e+00,-2.803181616142701227e+00
-6.630797307024996812e+00,-3.331203420695617368e+00
-7.700610759674336059e+00,-3.340666897030885263e+00
-8.321187053994815841e+00,6.709604781348839531e+00
-8.019181892616703777e+00,9.388281481161410369e+00
-9.301322306747028534e+00,6.537554031243102415e+00
-7.977405169621740733e+00,-3.668272640784066230e+00
-9.978690586964921394e+00,-4.159752466596398968e+00
-8.380515006566644942e+00,-4.254856974750075516e+00
-8.551351473951932292e+00,9.639964232370164865e+00
-1.017595651931859102e+01,9.596770311755937755e+00
-8.223914226871677613e+00,8.617647252735782359e+00
-8.159515375543714200e+00,-3.178862200771144231e+00
-9.281993781037455093e+00,7.728187042645621396e+00
-9.256858375362806868e+00,-3.914418133342759898e+00
-6.229662444304080005e+00,7.948087067432812347e+00
-7.988797788177522285e+00,-2.711320799681632199e+00
-9.073733740507906376e+00,6.854730745428488703e+00
-8.599372848112311729e+00,-2.467828605876781545e+00
-9.685756840369109000e+00,9.041513895695308278e+00
-8.451684266130891743e+00,8.917279101362044713e+00
-7.080668508768888536e+00,-4.158287132413684084e+00
-6.501782860771577077e+00,-4.439881976746122838e+00
-8.319010664632241259e+00,8.478690858787077289e+00
-7.790160800433366006e+00,7.989309711522537327e+00
-9.470601462650614977e+00,9.401213779896462341e+00
-8.859543537558176141e+00,-3.309731773299734670e+00
-8.896572836979038001e+00,8.950181747203583171e+00
-8.128559318611085160e+00,-3.417280910176204056e+00
-9.495156045024344849e+00,7.846968634429762446e+00
-7.943912231023517734e+00,-2.714299782881225198e+00
-8.052231901617634691e+00,-4.710167556095461450e+00
-7.211195485480814682e+00,7.082882659313757046e+00
-7.554423701995316875e+00,-8.644044347626751446e-01
-6.946332692101420569e+00,7.849916825844236890e+00
-6.686815453373657903e+00,-5.265255846976923948e+00
-7.304783791812419658e+00,-3.629643420900293016e+00
-9.852036030570015868e+00,9.970600123158474659e+00
-7.741547583873781946e+00,9.071982698928650279e+00
-7.834795886960526978e+00,7.728848752768658237e+00
-8.898875748163641575e+00,8.672731211334694379e+00
-7.167695163060475494e+00,6.441435693575637167e+00
-6.326939016955053674e+00,8.426338428459622776e+00
-7.500754696037570390e+00,-3.235588173265155021e+00
-6.571186687018041539e+00,-4.082916021503853798e+00
-7.781030203209329699e+00,-4.996162454820511911e+00
-9.020668084035566636e+00,9.394351318033788090e+00
-8.205017487628182948e+00,-3.632356515585954515e+00
-9.735971695794196634e+00,-2.627769230546098012e+00
-8.853413029542123169e+00,-4.053787902803614784e+00
-9.083939399083552857e+00,7.885325244156902613e+00
-7.605648419089058976e+00,-3.449475447684285712e+00
-7.553598653578179167e+00,-3.737928643721674771e+00
-7.887015257914410604e+00,8.417825418162321327e+00
-7.151426130172755080e+00,-3.089094629847960682e+00
-1.026335139075735725e+01,7.806463748530237723e+00
-8.279804937484618321e+00,6.974540898402737277e+00
-9.216815006318729075e+00,-3.595959164363810689e+00
-7.987694291382504197e+00,-1.911882830515173382e+00
-9.479848553988976079e+00,7.710110478826312175e+00
-9.036216570327972875e+00,7.864918408791703897e+00
-9.051401157891481475e+00,8.102861345010612837e+00
-7.291052095535247801e+00,8.495689395180070491e+00
-9.678659392610772016e+00,7.678596729792271702e+00
-8.911413031980423227e+00,7.836256776551683956e+00
-8.609523219270711181e+00,-5.094519658110682414e+00
-9.266743886329214419e+00,8.071369240891838714e+00
-8.336598723645870734e+00,-2.671176671351913612e+00
-9.492054256653235100e+00,7.275026526172287511e+00
-7.790851188445839348e+00,9.807858809868696071e+00
-8.669891283610363431e+00,6.538561587572098155e+00
-7.467605544588447053e+00,-3.010120185385327662e+00
-6.730897451094303818e+00,-5.734813351601562914e+00
-9.063637785464331742e+00,-3.417068068686129223e+00
-9.655435817207720817e+00,8.236703959732357916e+00
-8.103192513780699713e+00,6.662901265681811402e+00
-8.855773701176959278e+00,9.941885880350874061e+00
-7.307180873458008818e+00,8.366591564220104971e+00
-8.395703063500910446e+00,9.139081319256243674e+00
-9.475622263878369367e+00,-5.219018840365795775e+00
-7.264975905863392924e+00,-3.105847474521576945e+00
-9.755260314346761774e+00,7.580408499911243325e+00
-9.267260696100382944e+00,8.539184079936754657e+00
-8.646686238214799758e+00,-4.190709532790590330e+00
-8.846573960092262823e+00,7.720677802375768728e+00
-9.911117576404789631e+00,-2.664377944066729231e+00
-7.107784987850786607e+00,-4.766763686631092511e+00
-8.496206757740825566e+00,-4.195249686465311711e+00
-8.072082230125660729e+00,-3.977086240276209050e+00
-7.650699695645601928e+00,7.747971276237829663e+00
-7.614752355963723573e+00,6.362970061242315012e+00
-8.140853072521649025e+00,9.017698767765288892e+00
-7.946184462959402950e+00,7.744674870413385648e+00
-8.481644508282373707e+00,7.645880373596332547e+00
-7.570359486071773780e+00,-2.850381085729477348e+00
-8.462503920230240340e+00,6.097331313853611157e+00
-9.359079798878831014e+00,8.222288360540298768e+00
-8.303306471958999069e+00,-2.616294967436032515e+00
-9.704926876770224808e+00,7.718257707660816536e+00
-9.751531365737971413e+00,9.058058450850452914e+00
-7.804416571353701926e+00,-5.425279505071084252e+00
-8.463793247934939146e+00,7.208519867973513406e+00
-1.111714477556114922e+01,9.262313999994656655e+00
-7.801373689060362437e+00,8.104460171406776325e+00
-9.952366728538271090e+00,5.971737085227551312e+00
-9.329320105048095613e+00,7.702362158331139241e+00
-7.053775276828760710e+00,9.208801204112406324e+00
-8.679734215278021026e+00,6.009349048451740671e+00
-7.116301470046052735e+00,-3.615082899732468213e+00
-9.141932784291835645e+00,-3.591448510806225958e+00
-9.113550266042775405e+00,8.659879142297331356e+00
-1.024152565623576905e+01,8.018227821720492088e+00
-6.558260223066179506e+00,8.829334203789347413e+00
-9.088399050611226215e+00,6.372726705466748243e+00
-6.977492069044256340e+00,-2.411131541435301173e+00
-9.141146284768943531e+00,-2.187077192415286753e+00
-9.520033258689490907e+00,-2.420041628319933302e+00
-7.773672192099921219e+00,8.131540962399096628e+00
-8.050439982232809655e+00,-5.389209416539758379e+00
-1.011207940175103737e+01,-2.869794007644018929e+00
-8.262878832372081206e+00,7.071298319586383663e+00
-8.051458235486135706e+00,7.701638886412495388e+00
-8.742235455211073258e+00,1.038526889042927159e+01
-8.613633160272984313e+00,-4.053114445861432991e+00
-1.049907051231393140e+01,-3.401434041018355003e+00
-7.979980579804958118e+00,-3.384478876287148275e+00
-8.196251722874761114e+00,-2.351941377794974475e+00
-8.542220699665657335e+00,-3.723887326805507936e+00
-8.269622140027429680e+00,-2.878031713564580762e+00
-8.070720948715184306e+00,8.236578775941055142e+00
-8.283084929402557250e+00,7.252409072327107076e+00
-9.829396227972754474e+00,8.779119177133601681e+00
-6.342138438207161499e+00,-3.306343496684403416e+00
-8.758998419308380079e+00,7.399025197302137258e+00
-1.076542537163896363e+01,-3.201969128776058326e+00
-9.795215305035338105e+00,6.826812851744863408e+00
-9.268430383455655175e+00,5.294781352654897688e+00
-7.895103378407372752e+00,6.928548138092125441e+00
-7.214229661123754411e+00,-3.731086796664549787e+00
-8.929428267672379960e+00,9.459277510984470894e+00
-1.000234158185676847e+01,8.435849784648429051e+00
-9.150394060845918887e+00,-4.220231176881664048e+00
-9.011108518043331017e+00,-2.915337492251565354e+00
-8.941468873682069329e+00,8.859634163943669094e+00
-6.223943513262771177e+00,-4.603875406095210288e+00
-9.360633564828706454e+00,-4.947207588958945301e+00
-8.033763785439077765e+00,-3.620281103688529623e+00
-7.915945044007128395e+00,6.560748485726827006e+00
-7.832614117426379252e+00,-2.752573452944172772e+00
-8.304468260172694016e+00,-3.194675853464030713e+00
-8.661615198219346112e+00,8.024750522484950466e+00
-9.872953689848666059e+00,-4.386219022985679672e+00
-8.115529903332019401e+00,-4.598827020973622837e+00
-8.605437061686913580e+00,-1.323681608944060617e+00
-8.243060964918651479e+00,7.972339129548847048e+00
-6.750257715812526982e+00,9.681400398353833481e+00
-8.919573256279585749e+00,7.782875103833471364e+00
-8.758766696930091911e+00,-2.385532510260947703e+00
-8.532526452111074633e+00,-3.976675776445911303e+00
-7.725736745212049783e+00,7.708181566081078628e+00
-6.586134949391231785e+00,9.327130923148956754e+00
-7.673788501553368668e+00,-3.145179235293131814e+00
-7.550575885268026255e+00,-4.626011624749682305e+00
-7.520805316948641739e+00,-4.545314091318005012e+00
-8.308447528576847319e+00,-3.593674085519764638e-01
-8.822002309948244303e+00,-2.138639961674460910e+00
-7.634013417299932769e+00,6.785567167259566546e+00
-8.958056431319665336e+00,8.367205780112872304e+00
-7.987232902783621746e+00,-4.445208042671965565e+00
-9.216049132179122694e+00,-1.584374794894886529e+00
-8.716441891087260530e+00,-2.918569524417602423e+00
-8.435644116872239806e+00,-3.350897233692315957e+00
-9.621923006356372099e+00,6.908760901465066162e+00
-7.586653284555170629e+00,6.922139527156708994e+00
-1.020904686281796714e+01,-2.978722551722590595e+00
-6.654916865801913772e+00,9.192039158562630874e+00
-1.051042696472572757e+01,8.962225474271678038e+00
-9.293387420164702206e+00,-4.547052174884305131e+00
-9.227118843295679440e+00,7.217817495070120160e+00
-8.142088693688133816e+00,-3.893289218547183239e+00
-8.367434235217706018e+00,-2.948503979678603226e+00
-7.826125535651123677e+00,-4.080101969928450423e+00
-1.018362150592476745e+01,7.538906126462233459e+00
-7.240077518600419815e+00,6.181976429145374041e+00
-7.737434567261820995e+00,-3.484402369174379288e+00
-9.394312479377871838e+00,8.720119172577662781e+00
-8.700239573227083412e+00,-6.103805382013497649e+00
-7.984382285893245168e+00,6.524373227238021045e+00
-7.414968830133097377e+00,7.062786913071267492e+00
-7.914269084450522129e+00,9.567751263172766585e+00
-9.630670805573188886e+00,8.372762435759051769e+00
-9.211765492596388327e+00,9.125064610385088315e+00
-7.865024129209954751e+00,-2.413300035217980088e+00
-7.659086211769579933e+00,-3.956534861213070187e+00
-8.813983147153173547e+00,5.990059030394084161e+00
-7.742856459012942061e+00,7.577356564097212477e+00
-7.811122440311243587e+00,-2.089580365303900678e+00
-6.740698356599072127e+00,6.997268418499100306e+00
-9.281816515302871551e+00,7.777894793753228342e+00
-9.818389499541202881e+00,9.116576712082027356e+00
-8.103970542552000111e+00,-5.271825104713299126e+00
-9.607857050349679184e+00,-2.401851751920489608e+00
-7.685425540643914033e+00,-1.619383477700532925e+00
-8.782262940102098625e+00,-4.838929455195558837e+00
-8.631141382628644720e+00,8.761469986700392454e+00
-8.017291840558055327e+00,7.787366664350030554e+00
-7.883381291957046955e+00,8.512641308885159575e+00
-9.580205169703523538e+00,-3.602638025400882071e+00
-9.315972968200091131e+00,1.001247736332530991e+01
-9.207304603119485620e+00,7.052895834337987502e+00
-8.864583951958104890e+00,8.768005849718582212e+00
-8.460566980938814652e+00,6.800447535740762106e+00
-8.187472417372701372e+00,9.266266415752918206e+00
-8.254721173274738533e+00,6.603749835413182723e+00
-1.048783448918270089e+01,7.285195618898179681e+00
-9.735073473358006879e+00,8.221501275364268224e+00
-7.299016972606087172e+00,7.224484618003891967e+00
-6.872685309273402154e+00,-1.779914484607757474e+00
-6.541164146663085432e+00,-2.586178966772997523e+00
-7.268612774670497600e+00,8.537396080549166655e+00
-6.986944583892121585e+00,-3.637657272389417606e+00
-8.689216100091417871e+00,5.657911503219747118e+00
-7.189813577566991576e+00,-2.681959932057190965e+00
-9.556921472422841290e+00,8.003841942228479667e+00
-8.145428895007874814e+00,-3.580605579489686718e+00
-7.670059032617109196e+00,8.863854158310042308e+00
-8.030164240153110811e+00,7.847680990820956382e+00
-7.496619688619521327e+00,-4.812639276958245560e+00
-7.453152797131375351e+00,-3.447289399298930856e+00
-8.577038873299391852e+00,7.863962876764337473e+00
-7.495889559436707650e+00,-2.066410369945749004e+00
-9.088150946482034698e+00,5.185484498299971712e+00
-8.568178028733491658e+00,-4.462992604199980562e+00
-9.980965556297510588e+00,-4.242452364591543734e+00
-7.579305529268863140e+00,-1.514290110810402545e+00
-9.355329584101879092e+00,-2.874363765560099537e+00
-9.248567561428506778e+00,6.394577961956705359e+00
-8.545101526870608311e+00,-2.683353611694344387e+00
-7.101223829532663068e+00,-4.389772348465593055e+00
-6.885705189273260807e+00,-4.464314224383004515e+00
-7.695970117238750241e+00,8.660571611592018826e+00
-8.406872598369879768e+00,7.273746788350575976e+00
-8.453263027958586306e+00,-3.171330176922041222e+00
-5.428130627094333249e+00,-4.086300886776538022e+00
-1.006803759729421799e+01,6.675508831535223564e+00
-8.539934789527217518e+00,-3.988546445144628638e+00
-7.405005313964766245e+00,6.904066554028276848e+00
-7.968765035085200843e+00,-4.761713187242134104e+00
-7.557064055175565898e+00,-4.719397454193988040e+00
-8.180910101754545138e+00,6.034968013137380183e+00
-8.905672103617384039e+00,-1.986269279084809991e+00
-7.267315496581287171e+00,-2.259590605070300295e+00
-7.613309600841381197e+00,-1.980077060059529437e+00
-1.079453885828914217e+01,7.344061449084470894e+00
-9.464397878794017060e+00,-3.534259511592088288e-01
-7.257659409937657458e+00,-3.665571479760553864e+00
-7.070881630929207518e+00,6.632867533054504605e+00
-6.653023450193381372e+00,5.997714232419810720e+00
-6.685315513737037030e+00,-1.547038899351697694e+00
-7.860852490762505695e+00,-3.247153026283604582e+00
-9.669030442089026067e+00,7.787642101080807677e+00
-9.416662064605445082e+00,9.062724192299983272e+00
-8.673000667739449554e+00,-3.073600945228295522e+00
-8.416738440812130406e+00,-2.715267244759392629e+00
-9.244839448700401974e+00,-2.968056567389247835e+00
-9.166844408718183956e+00,7.027689246780084886e+00
-7.094838535600256790e+00,6.565318865899586243e+00
-8.580061251277502521e+00,8.635557527023332014e+00
-8.892754869514989835e+00,7.793017561562060713e+00
-7.681531026658192651e+00,5.805337534034658020e+00
-7.716799043481442411e+00,8.236511612762489776e+00
-7.960575263589971584e+00,6.390051214154320647e+00
-8.132790067894619668e+00,6.460761586674253820e+00
-8.372872011854511243e+00,-4.857569805373455729e+00
-8.148961180424111106e+00,-3.633335158685426780e+00
-8.844620970832014706e+00,7.440971857673287282e+00
-8.214924993492392247e+00,-3.722337991603432261e+00
-8.251203286998027409e+00,-3.657127231036392256e+00
-8.159217948776184670e+00,7.856090116876294438e+00
-7.598446113970825699e+00,-2.171731773556972556e+00
-1.073682541602466678e+01,-2.489284330127156331e+00
-9.048454551211891683e+00,-6.246338804709989034e+00
-8.576909897474651601e+00,7.937546564979391484e+00
-9.437670829147915441e+00,7.750826772536222542e+00
-1.041624745399066931e+01,7.986118121654870450e+00
-6.751608479689251929e+00,9.121190719404154379e+00
-9.377077841342943643e+00,-3.009666237698216840e+00
-7.500657539694135956e+00,-2.794953088336005642e+00
-8.090162530622269088e+00,7.043348504442485947e+00
-7.238300229520338469e+00,-4.934497061163118481e+00
-8.798129942523351232e+00,9.959795605494480952e+00
-8.560762024039792806e+00,7.873081813273529406e+00
-8.972020178401660218e+00,8.123147644186524019e+00
-8.940230330528416758e+00,8.691242999653935541e+00
-8.802368764845290627e+00,8.619642576298467418e+00
-7.850865096246078423e+00,6.762327254991660652e+00
-8.072403740150448925e+00,-3.627813556831820385e+00
-9.231360385066006202e+00,-4.372349037831375185e+00
-1.078220400114631872e+01,8.451113726821768424e+00
-9.138926018711796218e+00,6.616049388381711083e+00
-8.033365663429858472e+00,-3.362737436013555570e+00
-7.485415204337215300e+00,8.943910254518520730e+00
-9.380966324910302134e+00,-3.755624475253350525e+00
-8.758679173172204457e+00,-3.821577628763160206e+00
-8.190673874934017107e+00,-2.861928063952825951e+00
-8.466064834182422061e+00,-1.910132638450012355e+00
-8.007070253064362930e+00,-4.787970277695892563e+00
-7.078746061015993796e+00,7.773002188070392116e+00
-7.011868717735778134e+00,-5.840041057781223621e+00
-8.883847852980093052e+00,-5.689475871662882156e+00
-8.353857445822800543e+00,8.114170594857988306e+00
-6.591132421343274927e+00,-1.204106489549850334e+00
-9.008309064959243884e+00,-3.520410081963545768e+00
-7.955574717932605289e+00,-3.077917976755180973e+00
-6.223718172173405172e+00,-2.184002196544248875e+00
-1.001275829899822867e+01,8.551996312530318889e+00
-8.223778205201730529e+00,7.580456314960701825e+00
-7.195159665168329610e+00,-3.973475054984004551e+00
-7.533785498829494998e+00,-5.157629042699366728e+00
-8.194698302474836993e+00,-3.202451820189927911e+00
-8.433566929714663374e+00,-4.292591193933017024e+00
-8.790960702207934574e+00,-2.239163105147826904e+00
-8.511173385591222385e+00,7.421781115018363018e+00
-9.914687145824821357e+00,8.921832232708210242e+00
-1.063408981604185399e+01,6.369165992397567422e+00
-8.312899888029814832e+00,8.273459937796738828e+00
-7.005493036754428360e+00,-3.640812564492018844e+00
-7.911204780311489770e+00,-5.071150267504371811e+00
-8.252525448171798672e+00,8.944616736912063715e+00
-7.732093492205571295e+00,-1.822925769061613188e+00
-9.016821663967281353e+00,7.806575230310822455e+00
-7.324159739000245750e+00,8.111232090435651187e+00
-7.175683752928779136e+00,-2.896721104447377737e+00
-8.878121829963955491e+00,8.072489074459742397e+00
-6.608483152958029905e+00,-2.693350277177499752e+00
-7.914499808346625365e+00,7.361719270538849003e+00
-6.355880851820892019e+00,-4.361804802665266934e+00
-1.065841743525846042e+01,8.220809011477616224e+00
-8.223876233277756853e+00,-8.997371278737138489e-01
-7.857954994071840282e+00,1.029687428481980760e+01
-5.645700500988581894e+00,6.794034172512312786e+00
-6.537576673983005904e+00,-4.069861880020123834e+00
-7.821180172549964560e+00,-5.017009356217848826e+00
-6.979077472645141889e+00,-3.960201723652180039e+00
-7.842798736167217122e+00,-3.724822823456486187e+00
-8.779580771367465175e+00,7.821975817317641244e+00
-7.500187968299308672e+00,7.919181808676529322e+00
-9.307241643313409085e+00,-5.710031116337425772e+00
-9.407489220113934181e+00,1.008089993011740759e+01
-9.007702792105174439e+00,-2.139513739819068228e+00
-9.233849226464341697e+00,8.079473139797102021e+00
-6.940447480557714321e+00,8.751543187535453683e+00
-9.135588497393285934e+00,6.570446807652573717e+00
-7.668798877738280950e+00,8.246409718657805143e+00
-7.533614290274344150e+00,8.859509355383041296e+00
-8.433081471223127679e+00,-4.715068786837523618e+00
-7.330665728002333736e+00,7.939642741968344630e+00
-9.023881230858233238e+00,-3.174977475130796201e+00
-8.045557507180388868e+00,7.361781996721988186e+00
-8.370493800454996247e+00,-5.178614874888430641e+00
-8.943445106286111113e+00,7.845540946295884055e+00
-8.994399304718756483e+00,-3.516107082442017084e+00
-7.546183144807862675e+00,-1.539338376362798355e+00
-7.289466333498721085e+00,-2.703769766064055613e+00
-9.821542258262011771e+00,-3.654678155237208070e+00
-7.543060776759428876e+00,-2.836666269063205181e+00
-7.170205544777833673e+00,-2.978596620884613966e+00
-6.635237065709966409e+00,8.472415618986985919e+00
-7.545265244175815234e+00,-2.690298927356149061e+00
-6.492926625382527739e+00,-4.316525665135032774e+00
-8.794541577004647337e+00,-4.073731062157039062e+00
-9.208623680184862437e+00,-4.010338065570367760e+00
-6.456478242945108192e+00,-3.159764952387040360e+00
-7.511016512666804701e+00,-3.793127134855471816e+00
-6.774564330472019336e+00,-2.869511804620975770e+00
-8.718748906991635295e+00,7.098584765584044831e+00
-7.437323481493252508e+00,8.192902834755047436e+00
-8.246494902070176991e+00,8.654060854729998198e+00
-9.459819018726729922e+00,-2.992047398108359069e+00
-8.936344974074618364e+00,8.867549446919165135e+00
-9.110742261244789475e+00,6.975792900740104940e+00
-8.458784841693095302e+00,-2.570955139637356002e+00
-7.021514914289188170e+00,8.785154938321133145e+00
-8.307802378715772207e+00,7.794649805194881154e+00
-6.853049349097618759e+00,-4.185332580610200637e+00
-8.053709737405773339e+00,-3.432624323517192710e+00
-7.940862811175927405e+00,-2.508458115086017237e+00
-7.498154734402000976e+00,-1.815424178552683232e+00
-8.515432545387634278e+00,-1.597760239592502796e+00
-8.301045690356964712e+00,7.592036134641491962e+00
-7.876059496199832921e+00,6.207885815588788603e+00
-7.771247634886972122e+00,8.363582299729269920e+00
-8.408621128286558388e+00,-4.126992318669842952e+00
-1.008005584620205397e+01,-2.401839518986219613e+00
-9.127398545695188048e+00,8.962502810575069034e+00
-6.140981866243270915e+00,7.553688428416808875e+00
-6.939899567939487923e+00,-3.297530285709942000e+00
-7.096432959486694614e+00,8.615259924312594464e+00
-7.909319438305404404e+00,-2.499650403324209069e+00
-6.550714189529895037e+00,-2.376156767745826404e+00
-8.226925237034558691e+00,7.723793626578265403e+00
-8.693097284682615111e+00,7.377658249242423416e+00
-7.166616628714520765e+00,7.604135665934769861e+00
-7.492698949332720737e+00,-2.869920009712393583e+00
-8.046649329183431121e+00,8.905902775513213854e+00
-8.790645732012732694e+00,-3.144164553280513807e+00
-9.230417190167024444e+00,7.184014792069828736e+00
-7.929045903680223439e+00,8.618256501049872398e+00
-1.003875696849184429e+01,7.688606761668004275e+00
-8.858706646900303738e+00,-4.832884923677664091e+00
-6.931374073369604538e+00,-2.513317050247868778e+00
-7.900995592973337089e+00,9.063203220886663303e+00
-8.861598797142773876e+00,-1.993933141950293919e+00
-8.272484236364226362e+00,-3.539990266977970368e+00
-9.740212371260842161e+00,7.447972907767495876e+00
-8.283913600630858909e+00,6.720841161923988061e+00
