9.839450906699219956e+01
7.961407513369121602e+01
9.269578119927790283e+01
3.556156307939816941e+01
3.642271611917854557e+01
7.499718089439983260e+01
9.405827847923386997e+00
7.180239170048297126e+01
7.130637318306860095e+01
5.911824023543358209e+01
6.054732917986671481e+01
8.883950849255410276e+01
9.366172295745639076e+01
8.311213407561129429e+01
7.378889830603375799e+01
3.801794821177760753e+01
8.266837812512233086e+01
7.042179017310627387e+01
2.676049791063257288e+01
6.218688927906668162e-01
2.826974444946117604e+00
3.400301396574434420e+00
4.009731990680920788e+00
8.560569732584556846e+01
8.097628781881486759e+01
4.866176862832104177e+01
2.931373116851209204e+01
9.095771548189337352e+01
7.672971949390985458e+01
4.087366817822179144e+01
3.442664034910066562e+01
6.071904151791618354e+00
2.425224646382053706e+01
9.285815133282447675e+01
5.311186497182382027e+01
2.666074802841845681e+01
8.433910984467564731e+01
2.798164961788710414e+01
6.260943402464585716e+01
4.568108682580762547e+01
8.002036118143909960e+01
9.449808551716928662e+01
4.621625455102137181e+01
2.726721237774941642e+01
9.301471726011259022e+01
5.990614814003129851e+01
1.733688244508637766e+01
1.444141178193463304e+01
5.789494235225294005e+01
2.082540581186302830e+01
3.489053689955644444e+01
9.240634215871899926e+01
9.689648156526338596e+01
3.973807491990347529e+01
7.388467959038594302e+01
8.559503811429794951e+01
9.171075875557420432e+01
1.354730359229617775e+01
6.736906719968773416e+01
3.209397135386284816e+01
6.842873810131143841e+01
6.451456432759150594e+00
7.896821904500744438e+01
2.808607226152924952e+01
4.961525936987413132e+01
9.666734213512289386e+01
9.138965450790304601e+01
8.593462822236267584e+01
2.993899958338608336e+00
3.278221135468945135e+01
1.810571868778414384e+01
1.942287923449542575e+01
4.689163935431736263e+01
4.952649245108394638e+01
2.505294177683633450e+01
9.768876049526708982e+01
2.871176338021518148e+01
9.835883451727212901e+01
5.075737037243133187e+00
2.672345793729937924e+01
5.798024056675665605e+01
6.813544050163463339e+01
4.077956727073808452e+01
9.674775972595692508e+01
9.227707597295807318e+01
7.203332763836684194e+01
8.707517097550928042e+01
1.068775233581366102e+01
6.546368376593214577e+00
4.468883673128478762e+01
5.138884597031135826e+01
7.423414717922889849e+01
2.615911241931114972e+01
2.916835276634763829e+01
6.695961300586854748e+01
8.898725328589965500e+01
3.821797962772518531e+01
4.586835850818394178e+00
3.925774921361570335e+01
6.313919187371379849e+01
9.399334250044257999e+01
3.381602436558534919e+01
4.060570346253734897e+01
6.188409869946850250e+01
3.567908210820438342e+01
5.336302861007172993e+01
7.076435022745053871e+00
7.793170546294365408e+01
5.794504732214931408e+01
6.210984742227372379e+01
1.359971171007550161e+01
7.537522032670125327e+01
2.376370256861282115e+01
1.184394160227499881e+01
3.134677759079626114e+01
5.165989224690399340e+01
4.968894862306393989e+00
6.524729139649432241e+00
1.361368712917857593e+01
2.352100069233492619e+01
4.725389926111829197e+01
4.884385391258980746e+01
2.211070043879196234e+01
8.766927554864463445e+01
5.464746072296222223e+00
3.291025224448218545e+00
5.163039550518586651e+01
9.721254786948499316e+01
1.838690589914815376e+01
1.903760310930133670e+01
7.848353296580653193e+01
3.759164182643333163e+01
8.006037573830599285e+01
8.512903518675405223e+01
5.082782740827445167e+01
7.669944293494575049e+01
7.575484830444281670e+01
6.501658013902695643e+01
8.593714410564717809e+01
3.016975717541469137e+01
8.814522133142162374e+01
7.674941754496342128e+01
1.744032864668009353e+01
2.782552168924557989e+01
9.063319245182401573e+01
5.484884739919494478e+01
5.878330684788080163e+01
6.972934788185311561e+01
8.969543672142987134e+01
6.208872842243113865e+01
6.121517584446860383e+01
5.495969348838423940e+01
1.056401861676030762e+01
6.605941582112475885e+01
4.885587818353467071e+01
3.787224317951427821e+01
7.183876450622722132e+01
8.107167036461360965e+01
3.455112122169442301e+01
3.349701597182237833e+01
6.816495598231003328e+01
3.635692454271981688e+01
1.418655641223465214e+00
8.952478730253939432e+01
1.208468592748790371e+00
2.427781195366310740e+01
9.661759353537841832e+01
6.566187664234546162e+01
9.433417371448450695e+01
2.402912998332028494e+01
3.235143623819265457e+01
5.861857673866042262e+01
2.188320684364848390e+01
8.801903524410205648e+01
2.876258360175265594e+01
7.539352125647454272e+01
9.201633056810412370e+01
7.353355378679715670e+00
6.539186080012156310e+01
5.949153550953266745e+01
4.887239442831787528e+01
6.446473191470077779e+01
9.884345434158751686e+01
2.573369106150640206e+01
2.409429311412401020e+01
5.559883757434224094e+01
3.990762206733541007e+01
6.101039728873652734e+01
5.822580430591762024e+01
6.846639810866927967e+00
1.324547952202200740e+01
3.512902979109855295e+01
3.372970514461710678e+01
5.229027155077783107e+01
1.077778304619784144e+01
4.365533026581556442e+01
3.138273239503461909e+01
1.061466087258782309e+01
3.842820850003738542e+01
7.211785854852118405e+01
2.158219791994535797e+01
2.771209999218660069e+00
5.640585773051830643e+01
6.589924162385104012e+01
6.209505981426443100e+01
6.869470796987616268e+01
7.127109828481870579e+01
5.474425222126432544e+01
9.149753743615303847e+01
7.486833457777018452e+01
4.836207520756441447e+00
5.879612369424245344e+01
5.364563936823793000e+01
9.202730563181845014e+01
9.452612122369345116e+01
1.305095430999834250e+01
7.366187835514310223e+01
8.771658913470189134e+01
7.021874501198551854e+01
3.399387239266982164e+00
5.193212273877914242e+01
6.809416456357355685e+01
6.750839873321147877e+01
2.235398986492398432e+00
5.411787898633054539e+01
6.304327858205410706e+01
9.667655131597918228e+00
5.500589143621691335e+01
2.768462134756151016e+01
8.069400552700201956e+01
7.715483707398772140e+01
3.835686177264647512e+01
2.038576909952817218e+01
4.004335417757543780e+01
1.042444454277071664e+01
3.224078331604253123e+01
6.827129126375172063e+01
3.632042655898865036e+01
2.181847142334543221e+01
6.415459179143432777e+01
6.353057426312459199e+01
9.327839773637100507e+01
1.961430911915679332e+01
1.706339431785842820e+01
4.483833830695860279e+00
7.623433180949379384e-01
4.400318265497090664e+01
8.976935532140938534e+00
9.393937599291265883e+01
9.884750351831507942e+01
8.790401594958063924e+01
5.011460734803936390e+01
8.057654401529018173e+01
5.138470235817972309e+01
8.405629677128166577e+01
6.536184469543626108e+01
6.546587236241921914e+01
8.834765723651624114e+01
4.660557452685652180e+01
4.922937670630248874e+01
9.200700369571835324e+01
9.526502881044856963e+01
8.365847948872109896e+01
7.187203239810787636e+01
9.355064122454623998e+01
9.639860714615585380e+01
9.940001879173894395e+01
2.242378159202853638e+01
8.987162865756960173e+01
8.913390889824289332e+01
2.433317909609906593e+01
7.019306742487924566e+01
9.952236520504611406e+01
3.236188346069718591e+01
2.611987435971593285e+01
8.001796896461543440e+01
2.517844473287496143e+01
4.566096041519561766e+01
8.952383676933102663e+01
5.948261456314460105e+01
7.893913080233744495e+01
3.298547080429094791e+01
9.735332735958127159e+01
4.876824413888076748e+01
8.806340170516558885e+01
6.188226534968389814e+01
6.042573341450085955e-01
5.543556415664306058e+01
1.534147854085037288e+01
9.991445841156574659e+01
9.301400454201449008e+01
6.354293707517864931e+01
5.829584364977507249e+01
7.628811577127400767e+01
8.601478141469479510e+01
3.687705666582608188e+01
1.896615010107963784e+01
7.118313289593521631e+01
2.616636972999677369e+01
1.027982247578230712e+01
5.104928641124512012e+01
3.069697901789198013e+01
8.243236907275908187e-01
9.043661253540058453e+00
6.364802126135297300e+01
5.837671480653984446e+01
6.025796798647508723e+00
1.821665991620469072e+01
3.720912375805052363e+01
6.785345752004079145e+01
4.888215494116804649e+01
1.750855531434915946e+01
7.649005116602735654e+01
3.866670886773503213e+01
1.271722619155800693e+01
3.361913838879200256e+01
7.578202168995899513e+01
8.176126245726406694e+01
8.582448343469754093e+01
6.515900917295492434e+01
7.339584992196908786e+01
6.351339619171778850e+01
1.977807020939004179e+00
2.717134868665487346e+01
8.127758810285207858e+01
5.130791840217314359e+01
4.936579165421269977e+01
5.471739377236328750e+00
6.983352192064712938e+01
7.047183640739596022e+00
3.088760234668158589e+01
3.514440902478276030e+01
5.065620462344971031e+01
5.141682417991562914e+01
7.015139180280723963e+01
9.333009106577124214e+01
7.673922273319503518e+01
2.922288920694596825e+01
8.388424627008683387e+01
6.351440820530701359e+01
3.442141947394268442e+01
6.380379425122272607e+01
7.899172296933276272e+00
3.931612480131607867e+01
4.596612201630566830e+01
4.088316112148557835e+01
1.916447244330110777e+01
2.586693996790139138e+01
2.162096179602383117e+01
3.375605243231138974e+00
8.296536003652296642e+01
2.758681223410963668e+00
5.411107212992041582e+01
6.502304352628961226e+01
8.733376321912652429e+01
2.850909491406914498e+01
4.667090273420405566e+01
6.222477943007558565e+01
3.435674396448455070e+01
5.727259207588003420e+01
7.229465649833043983e+01
3.774505441625946389e+01
7.980840378367281573e+01
2.979838985144167651e+01
4.651852568303136337e+01
8.634326438335912712e+01
5.357157293849994772e+01
2.527128575093344764e+01
6.068302560946100499e+01
5.366584633630834134e+01
1.330857833867086271e+01
3.901565657934193609e+01
6.692847826745732220e+01
9.681544208480276836e+01
3.561150243384765446e+01
7.751387682211837671e+01
6.880219536216955589e+01
1.437645276961780993e+01
6.285112416399250179e+01
3.121621243714207594e+01
5.431414842788795383e+00
6.806479352536032934e+01
2.781211480047252049e+00
2.832030964351474012e+01
7.344850919662086142e+01
2.159290531326777440e+01
1.917039951856891378e+01
2.884631735951521847e+01
6.613213340470601054e+01
5.553717782565684757e+01
2.336694173870058577e+01
8.613637439739387958e+01
7.004608822832399539e+01
5.489494279215445260e+01
8.199874985600982313e+01
6.732934519486001079e+01
9.569958444399222230e+01
4.211144087346307963e+00
9.537003294076797033e+01
8.530615169344022775e+01
3.354593872137476041e+01
9.306450079971315859e+01
8.185465524423042893e+01
4.576365826018648164e+01
5.308887738660846622e+01
8.810262070736143869e+01
6.426226928622401147e+01
1.675595635097981528e+01
8.421123667092388132e+01
8.457625859004025415e+00
5.129164183938452481e+01
7.120534373948498796e+01
5.025305386891558612e+01
8.411325132427013784e+01
5.178696560239792746e+01
2.542744183822878057e+01
3.042577082493424001e+01
4.174489576696072390e+01
1.140509156284958969e+01
4.347784663067051270e+01
4.365151965831000069e+01
1.289013725661037846e+01
5.273743830551619283e+01
3.487460554483300257e+01
7.857270759847473585e+01
8.308398619022882770e+01
5.113344216366139960e+01
2.163135733153568196e+01
9.717958074683281211e+01
6.673250389755880363e+00
5.162981935341406370e+01
3.640884604822942805e+01
4.900160805983853862e+01
4.741244521877552387e+01
4.338414994095877120e+01
7.154453365484575045e+01
6.819358109797313716e+01
6.546674017700496506e+01
7.033301651379130703e+01
2.959698360835728437e+01
1.744424138503899258e+01
6.715323467392375179e+00
2.638564611106970403e+01
1.675750074862418870e+01
4.788454151057609209e+01
8.332281982200947823e+01
8.694803736912653847e+01
2.257800259600612947e+01
9.219540411191773899e+01
7.850832793273819732e+01
4.678213824736639737e+01
7.732952961182603246e+01
2.694413946910527713e+01
6.714206362406227413e+01
1.112377565504416665e+01
7.029174880048493890e+01
6.957762995978013976e+01
4.239546297607016356e+01
1.477235157618069827e+01
1.822969490377570523e+01
8.059504964750836109e+01
9.089951253821439536e+01
7.886273075378202435e+00
1.012235584520029263e+01
1.054144557379368408e+01
3.978599503131277970e+01
3.375863392167111066e+00
3.749051400153184943e+01
7.615732977823199690e+01
5.514671274681132473e+01
2.603356446123106238e+00
9.784157182818579201e+01
3.455354833311734808e+01
9.650594632605618983e+01
4.441094540306100846e+00
7.902430456092118050e+01
3.508231859787718321e+01
3.719209473227308393e+01
3.646955979459020369e+01
9.349541146353016074e+01
8.723818892711835815e+01
7.462188941701769807e+01
5.861756247276509413e+01
2.369830535529470339e+01
6.860668827624618871e+01
8.155807930977348974e+01
7.509369250370479421e+00
2.725105287542466215e+01
1.349504718212994803e+01
8.978442249752683324e+01
3.881450074547579021e+01
3.465456013493295462e+00
2.920101943821170565e+01
7.731809640550227414e+01
5.931831665003905130e+01
6.526267070800787451e+01
7.454165307570437449e+01
4.977751100171201593e+00
6.959308031700214769e+01
1.921238911992750786e+01
