-4.437715933914785360e-01
1.943630203201373474e+00
-6.530761039276330449e-01
1.866820599692452787e-01
-8.012714912290793690e-01
-1.535422089700989368e+00
-7.231583583498100154e-01
-3.389043544369541028e-01
-2.019773675219142195e+00
-2.084651251001012340e-01
1.479740110235915930e-02
-4.255543347608889970e-01
5.373628120986552459e-02
5.272388153648157605e-01
-1.757009662785335991e+00
1.073255636280165293e+00
-1.761816833271546034e+00
-6.585521816373016701e-01
1.372960972056299633e+00
5.137647504010677268e-01
2.307150428134029596e+00
8.531506641488109666e-02
1.948770591177818812e+00
-2.756231985611732882e-01
1.758936282530710882e-01
-1.383627597758710026e+00
2.253712060730635791e+00
1.558370431570284653e+00
1.057502467091175236e+00
2.960338592275770786e-01
-5.221279406562717718e-01
-1.024125230453899471e+00
5.959391940229784579e-01
4.720841022557518696e-01
1.488314123253446475e+00
1.470842268969665412e+00
-4.797159148908809456e-01
2.044050610872099050e+00
-6.335949004923087102e-01
-4.711671592985492429e-01
-1.035934402802417276e-01
1.178020308658957793e+00
-2.043363094598314778e+00
6.589657782678279285e-02
5.639471301103268219e-01
-2.077950851413151057e+00
-4.254351342990303486e-02
1.179099681464675031e+00
1.045564667418605875e-01
-1.545635216683491686e+00
-2.455421806973889343e+00
7.061033234526337132e-01
-3.302076643328091810e-01
5.183522265218969416e-01
-1.821882112429138889e+00
2.206521612100083019e-01
3.599871814637525813e-01
-2.673825889514839793e-01
2.970346708189067209e-01
-8.400986474665865789e-01
4.917117024975971029e-01
7.815264163154512778e-01
4.236914977619400391e-01
1.823784459856695683e+00
-5.151475183031458682e-01
-1.764497293865150640e+00
1.315606808767728550e-02
-5.950321698930070013e-01
1.578583060133362803e+00
-1.816642086387986188e-01
1.077466823076953739e+00
-1.178773323169307469e-01
1.933655811597448371e-01
-2.566498390097557425e-02
-1.348799619608124223e-01
-2.313757339568099258e+00
4.634550011199432829e-02
6.323661268890702625e-02
9.792475917176760580e-01
1.487817396101574374e+00
-2.503667387554726065e-01
1.038888759365793835e+00
1.410337977374996443e+00
-1.920879432925058694e+00
1.096957925247794563e+00
2.927390474314092716e-02
5.293267833794397248e-01
-6.251947878144448190e-01
2.592113649759424376e-01
-6.122226090624185435e-01
-2.100406457694270479e-03
1.800287942052339329e-01
-3.393868849572601043e-01
2.291836544427383604e+00
2.212606187405498304e+00
-9.204816933643000798e-03
2.549625957044175939e-01
-1.175889598138422643e-01
1.978670377632543165e+00
1.069738583523271336e+00
-4.504365124205121362e-01
-1.797527617377537856e+00
1.613490420589966279e+00
4.723245449422565634e-01
-4.379322883344243800e-01
9.506507369850800693e-01
-1.132052834222919024e+00
8.555636298511772875e-01
2.775245679924782660e-01
-1.324789786506944955e-01
-4.433858705739582851e-01
5.509945586476397428e-02
-1.261797082072456666e+00
-5.976113753838467879e-01
-1.805668074577047588e-01
1.946363710445399242e+00
-3.046815472288433302e-02
6.572082536253940344e-01
-4.058660848268371146e-01
-1.924049719408961412e+00
-1.288198150769534145e+00
-1.296280856528180037e+00
-1.173732058200972483e+00
-1.142695919411645944e+00
5.853555230774575291e-01
5.861102254454699789e-01
1.576829520231256110e+00
-2.504930079379464325e-01
-9.348382128698340399e-01
8.179001633455732501e-01
8.620796798447518672e-01
-1.041452513493553056e+00
-5.043299912293143228e-01
-1.373075715582390277e+00
5.812820442318322733e-01
5.778652555412842062e-01
1.058411814972062936e+00
-3.503643589280649451e-01
-8.710243491115531311e-01
6.593415636429432736e-01
1.030362440995028939e+00
1.249322112591652267e+00
-3.642481726635448669e-01
1.968238920952672721e+00
2.270749036497777595e+00
2.145159374526001139e-01
-2.009169885016695467e+00
-6.828591258716025791e-01
1.625595004274513311e+00
1.201672388455287399e-01
-2.155125387979627938e+00
-5.648835154445170925e-01
-3.484860780405480418e-01
1.068745372034767493e+00
-1.504333473831746648e+00
5.983954741850681103e-01
-1.857065891168414584e-01
7.052104660201756747e-01
-9.470837394078850391e-01
-1.990425800359064690e+00
1.294982904458606532e+00
-4.991547235635657165e-01
1.187169336132511521e+00
2.270695571103606980e+00
2.586872708351067307e-01
4.520068746065054599e-01
-1.778764823049736377e+00
1.877743737016545955e+00
3.223530472014463633e-01
-1.726357993943211655e-02
-1.649934779180826760e+00
-1.503161335982970748e+00
-3.545529460677143696e-01
1.268458362470096523e-01
9.932294922229198408e-02
-2.650547498012881809e-01
2.184057610606779498e+00
-1.650903348954712913e+00
9.528267926265432397e-01
-5.422135504425864561e-01
-1.161602887510522208e+00
1.604718578735364387e+00
-1.523877360805459880e+00
7.986982507884654581e-01
4.473341611980976018e-01
1.586131804668468703e+00
8.414110450078909897e-02
-9.748406463186574111e-01
2.186038351695049342e-01
-8.725880636891267250e-02
2.488944714933003233e-01
-1.731899237303633265e+00
-2.258559441867675321e+00
-2.968999638437959110e-01
-1.342252821393542295e+00
-7.321976171734894123e-01
-4.667686600876099767e-01
-7.174887446477593578e-01
-2.629768900748981064e-01
-3.644532044440418894e-01
-1.823633583555924753e-01
1.867363905742885466e+00
-4.012884998145862525e-01
1.254269947359712534e+00
-6.621492968138520396e-03
-8.072454245899203240e-01
-2.047869314734916735e+00
2.233452480188455880e-01
-1.241865588834092649e-01
-7.713412215824191343e-01
-1.927320474424620289e-01
-2.002447218257463302e+00
1.736701048698849337e-01
1.918925398059818654e+00
6.323034838250195522e-01
1.165448320755715805e+00
-2.018438820960333668e+00
-1.011292366991486169e+00
-1.624917436478650723e+00
2.026658318237594680e-01
1.865253022403950744e+00
1.810279585964272187e+00
-4.968299623073212934e-01
-5.983316972663460520e-01
1.446501096225894178e+00
1.086513169140014723e+00
-1.873677120021099984e+00
-5.164117419072707937e-01
8.823040381771396490e-01
1.642711170158851930e+00
1.407242772922165264e+00
-4.435367323426335773e-01
-3.060944574762469728e-03
3.171485726780796099e-01
4.163933205315127617e-02
-1.195607753880009616e+00
1.446329581027124389e+00
-5.307804586315274520e-01
-3.290575064725713150e-01
9.804147716514681754e-01
2.059841626518666147e-01
1.669851500160085100e+00
-9.727973427584902799e-01
3.286582500238926507e-01
-7.719319137022062627e-03
-4.986324337317668554e-01
1.599602573501235914e-01
-2.370998967439767457e-01
-1.052525182954463734e+00
-1.485526901307428593e+00
-5.730335229181877654e-01
-8.175655381990402093e-01
1.144035599010647664e+00
-4.120575807904517940e-01
-1.408070113142773971e+00
9.462722855682222933e-01
1.502647260355449710e+00
1.165169121207199510e+00
-6.928659042037013105e-01
3.331306758156404868e-01
1.969187449638864384e+00
-1.377534917404771742e+00
-1.805715848232173792e+00
5.469250785309955898e-01
9.616443069474883698e-01
-1.917629582953975342e+00
-5.290755009619332316e-01
-1.961479219007571384e+00
3.390884463785446279e-01
5.249902878599317368e-01
1.062595752001793903e+00
-9.782915708432097235e-01
-6.993831736808109323e-02
-1.086807997113888202e+00
-3.476991835004416553e-01
1.817466542790296402e-01
2.781441503075220978e-01
5.373255690810678775e-01
1.810499725865844400e+00
-3.601928859469515354e-01
-8.474361608895116804e-01
4.295496490513450727e-01
-9.026350111350487371e-01
-1.283815063025731007e+00
5.521111325262849645e-01
5.541606556776008663e-01
5.086798454882774934e-01
8.365231255577625369e-01
2.122779962732263659e+00
-9.881208853885412591e-01
9.323981691239680014e-02
-3.851741745008400719e-01
-9.423908652841901656e-02
-5.718498897036811135e-01
-8.023100341787788858e-01
2.642058083719037720e-01
7.931132797811010215e-01
-2.546916688584971666e+00
-1.189661062829185045e+00
2.657088356454676559e-01
-7.541242683151329063e-01
7.543119077668750672e-01
-4.043336120263933964e-01
2.990353569837234105e-04
-7.370550781085385417e-01
-5.576144653602650436e-01
-5.941913084391617916e-01
6.626390375446938874e-01
-1.117522673336168726e+00
8.274549546908502862e-01
-1.154997460786378438e+00
-2.358108188990996612e-01
1.138290231081516835e-01
-5.322076370317495586e-01
2.514860139200215672e-01
-1.905319991009717384e+00
1.106964823128698816e+00
1.012818449668107190e+00
-8.773555571714039547e-02
5.955724105956214376e-02
-3.696765625065919214e-01
5.657653408012524032e-01
4.490676375086964933e-01
6.297158620344776025e-01
-9.916312556068929140e-01
-9.500565286196749337e-01
5.917173489577457479e-01
1.078965561238770521e+00
-7.787161556275750129e-01
-1.041632561323069250e+00
3.554871706633222495e-02
-7.798559391746437974e-01
1.281686268679583796e+00
-9.127287301452305379e-02
-1.138731990670448724e+00
1.375450693884484599e+00
1.442089780994542547e+00
1.709411246048160304e+00
-1.714574410690288264e+00
-6.589552285296704226e-02
-1.090462452524953552e+00
-7.813294949488701624e-01
6.800242510960319287e-01
1.140649450046527180e+00
-1.225478502430401795e+00
1.124736248337186995e+00
5.203731476439555914e-01
1.397080299409951265e-01
-1.437224406435195188e-02
3.859020225559439687e-02
-7.536776622511742740e-02
2.342332759427157907e+00
1.315052377152044816e+00
1.743767929581924170e-02
-2.229514471004718779e-01
-3.831529059024465500e-01
-1.250018488799699012e-01
-7.128155347931663943e-01
1.174909415001051949e-01
-4.847433173130303863e-01
-1.493650443044178155e+00
-1.097795797392645545e-01
9.816061289014816893e-01
-3.577546444853616503e-01
-8.353929110061107943e-01
-1.495845378181116736e+00
1.013619694962286655e-01
4.101367768717040785e-01
-4.639048197175331678e-01
-9.408547682226574282e-02
-7.013534999639308154e-01
9.270746364667404871e-01
1.973858621469195107e+00
-1.043109769973308509e+00
2.820324511619557439e-01
3.620303490012511394e-01
-7.066228966754264373e-01
9.441537229317590318e-01
5.400878201081388275e-01
-8.558824555495985198e-01
1.570290695779889001e+00
1.169372830420071452e+00
1.658303658767295685e+00
5.450522644593297494e-01
-4.242770143748249012e-01
-3.983824869093656740e-01
6.818254378315198316e-01
5.476295563219985008e-01
4.708892255262062676e-01
1.163796082155333256e+00
-1.854852868455165282e+00
-1.415863609740998230e+00
-1.686351019432641651e+00
-4.283540426441760363e-01
9.351340738665219199e-01
-1.044422327458735533e-01
1.765705738851226225e-01
1.697884781072314775e+00
-1.382490239587438774e+00
-1.688791202074039211e+00
-1.745902879338262048e+00
7.097794590327972664e-01
7.852166324819248588e-01
2.810961584501264210e-01
1.857899626402338633e+00
7.609657831353211499e-01
1.319381155204422118e+00
1.494396335453030744e+00
-6.451560345214659709e-01
-1.542551924273581676e+00
-3.386427980420722017e-01
-1.865512679156116072e+00
-3.107076487159095013e-01
-1.785535789280266794e+00
2.021389327042959927e+00
1.139837976906370454e+00
8.222573383568424488e-01
1.456139686946951173e+00
3.258777985527563925e-01
-1.032980081130416561e-01
-1.382789085137102747e+00
1.283460820799752655e+00
9.459220864950488306e-01
-1.542144889568716204e+00
8.575451878674775763e-01
1.009148111764377326e-01
-5.032245655275090490e-01
-4.989036831090463281e-02
-5.943133055997232295e-02
5.537435372749862639e-01
1.155348194683285312e+00
-8.510395454112644753e-01
-7.300782514244421595e-01
-2.206751547962346738e+00
-3.216907507390648346e-03
-1.455195017823810222e+00
1.685732710071535134e+00
1.409021441756846293e+00
-6.634350119247856004e-01
5.834084235473668834e-01
-2.720240205208814682e-02
4.472181437395214010e-01
5.827259054878987099e-01
1.659815094107581102e+00
-4.099293142105212562e-01
3.307443445756930167e-01
4.557941479102952664e-01
-1.058149483520243628e+00
1.975414971194080938e+00
1.239837045575421515e+00
2.544184976767542850e-01
5.155091660922650476e-01
6.609124880820199666e-01
1.032518546413176308e+00
-1.510831423937824214e+00
-8.578259558131211548e-01
2.464274639187601923e-01
-1.085348560738142731e-01
-6.306653872099030611e-01
-8.805498919380799761e-02
1.047396576947733138e+00
1.965349074827076326e+00
7.297378246473812391e-01
-4.187448690141917229e-01
-5.059134050190712273e-01
3.770056124215684368e-01
5.190072878182908633e-01
-1.000808917565050304e+00
-1.588056544363076750e-01
-6.012369216291916368e-02
1.506604456196898312e+00
-1.943857158262605411e+00
-7.844070793519476448e-01
-1.623719072493361670e+00
4.847037883259341928e-01
-1.706626930380702456e-01
-1.211578981451703729e+00
-1.075503975752420072e+00
-6.050219437369109832e-01
8.197420782420430374e-01
4.389844506944612368e-01
3.406549447715417345e-01
-1.566905092347218975e+00
-1.586108712351858241e+00
8.571798664902424703e-02
-2.470046205273908058e-01
-8.017252894796270679e-01
7.760276819216296862e-02
-4.909488209940467973e-01
1.387904028025553238e+00
-2.354168384671831982e-01
-1.821724723756748543e-01
2.283177417708505796e+00
7.920571885601913609e-01
2.236219299602210109e-01
-5.901478729201659057e-03
-6.860952415022669726e-02
-4.487804303152999053e-01
5.141492239383771423e-02
8.039712833675070058e-01
